map = [(10.47584607, 43.70639344), (10.47541376, 43.70673506), (10.47514949, 43.70653601), (10.47577151, 43.70615072), (10.47584607, 43.70639344)] 
polygon = [(10.47543155, 43.70664641), (10.47536139, 43.70663232), (10.47536724, 43.70659005), (10.47545104, 43.70659710), (10.47543155, 43.70664641)] 
circle = [(10.47534190, 43.70650129), 1.0]
polygon = [(10.47553095, 43.70647171), (10.47559526, 43.70654497), (10.47546858, 43.70651820), (10.47542370, 43.70643109), (10.47553095, 43.70647171)] 
circle = [(10.47570303, 43.70645107), 1.0] 
polygon = [(10.47556993, 43.70635336), (10.47559916, 43.70629560), (10.47567322, 43.70631532), (10.47565178, 43.70638154), (10.47556993, 43.70635336)]